2673 2261
2771 2369
2620 2202
2509 2268
2623 2364
2689 2466
2825 2504
2754 2293
2777 2477
2418 2225
2687 2166
2433 2106
2776 2306
2604 2382
2633 2427
2606 2405
2344 2232
2600 2432
2711 2228
2743 2507
2500 2381
2583 2239
2925 2483
2623 2290
2950 2484
2538 2439
2360 2167
2602 2107
2951 2297
2687 2246
2428 2119
2843 2528
2982 2452
2844 2351
2389 2152
2726 2218
2785 2395
2777 2459
2680 2567
2464 2269
2876 2383
2523 2329
2568 2372
2419 2086
2554 2228
2507 2228
2394 2269
2395 2050
2761 2206
2349 2039
2719 2515
2743 2451
2837 2613
2467 2126
2816 2567
2698 2170
2819 2382
2476 2179
2354 2191
2439 2202
2517 2050
2437 2171
2655 2046
2378 2128
2655 2311
2678 2420
2795 2193
2473 2325
2861 2351
2711 2483
2725 2560
2509 2056
2850 2406
2604 2272
2876 2536
2760 2586
2754 2241
2714 2386
2408 2116
3022 2728
2555 2288
2637 2206
2755 2327
2915 2216
2898 2574
2683 2232
2571 2328
2519 2279
2594 2215
2883 2504
2528 2386
2735 2265
2548 2129
2742 2545
2506 2122
2701 2494
2969 2605
2655 2448
2510 2314
2476 2129
