95 83
91 84
85 77
85 78
87 82
99 90
90 84
93 83
94 88
84 80
91 81
83 78
92 84
94 89
99 90
86 80
83 78
84 76
94 84
92 82
89 84
87 77
97 86
93 86
98 85
84 82
85 79
94 83
94 85
94 84
86 76
94 85
96 87
92 87
84 77
96 86
98 87
97 91
91 87
85 82
96 84
81 75
87 82
89 82
87 80
83 78
83 77
80 74
97 85
81 74
91 85
94 84
90 84
85 81
92 84
95 85
97 89
84 75
80 70
81 75
81 71
89 81
87 77
82 78
92 85
89 84
99 82
88 82
98 86
90 85
90 85
81 75
94 81
86 77
90 85
98 90
96 84
90 83
82 78
95 89
89 85
85 75
95 84
99 84
98 90
89 81
88 82
87 83
89 80
98 88
89 84
99 89
87 80
91 86
89 80
93 85
99 90
96 88
89 84
88 77
