910.0 0.0
910.0 85.0
910.0 170.0
910.0 255.0
910.0 340.0
910.0 410.0
910.0 493.0
910.0 545.5
910.0 645.5
910.0 702.5
910.0 752.5
910.0 802.0
910.0 872.0
910.0 878.5
910.0 898.0
910.0 910.0
910.0 910.0
910.0 910.0
910.0 910.0
910.0 910.0
910.0 910.0
910.0 910.0
910.0 910.0
910.0 910.0
910.0 910.0
910.0 910.0
910.0 910.0
910.0 910.0
910.0 910.0
910.0 910.0
910.0 910.0
910.0 910.0
910.0 910.0
910.0 910.0
910.0 910.0
910.0 910.0
910.0 910.0
910.0 910.0
910.0 910.0
910.0 910.0
910.0 910.0
910.0 910.0
910.0 910.0
910.0 910.0
910.0 910.0
910.0 910.0
910.0 910.0
910.0 910.0
910.0 910.0
910.0 910.0
910.0 910.0
