804.0 0.0
804.0 30.0
804.0 60.0
804.0 90.0
804.0 120.0
804.0 180.0
804.0 214.0
804.0 309.0
804.0 309.0
804.0 381.0
804.0 486.0
804.0 561.0
804.0 495.0
804.0 604.0
804.0 747.0
804.0 796.0
804.0 802.0
804.0 804.0
804.0 804.0
804.0 804.0
804.0 804.0
804.0 804.0
804.0 804.0
804.0 804.0
804.0 804.0
804.0 804.0
804.0 804.0
804.0 804.0
804.0 804.0
804.0 804.0
804.0 804.0
804.0 804.0
804.0 804.0
804.0 804.0
804.0 804.0
804.0 804.0
804.0 804.0
804.0 804.0
804.0 804.0
804.0 804.0
804.0 804.0
804.0 804.0
804.0 804.0
804.0 804.0
804.0 804.0
804.0 804.0
804.0 804.0
804.0 804.0
804.0 804.0
804.0 804.0
804.0 804.0
