524.0 0.0
524.0 42.5
524.0 85.0
524.0 127.5
524.0 170.0
524.0 205.0
524.0 246.5
524.0 272.75
524.0 323.75
524.0 361.75
524.0 386.75
524.0 426.0
524.0 521.5
524.0 524.0
524.0 524.0
524.0 524.0
524.0 524.0
524.0 524.0
524.0 524.0
524.0 524.0
524.0 524.0
524.0 524.0
524.0 524.0
524.0 524.0
524.0 524.0
524.0 524.0
524.0 524.0
524.0 524.0
524.0 524.0
524.0 524.0
524.0 524.0
524.0 524.0
524.0 524.0
524.0 524.0
524.0 524.0
524.0 524.0
524.0 524.0
524.0 524.0
524.0 524.0
524.0 524.0
524.0 524.0
524.0 524.0
524.0 524.0
524.0 524.0
524.0 524.0
524.0 524.0
524.0 524.0
524.0 524.0
524.0 524.0
524.0 524.0
524.0 524.0
