545.0 0.0
545.0 42.5
545.0 85.0
545.0 127.5
545.0 170.0
545.0 205.0
545.0 246.5
545.0 272.75
545.0 321.75
545.0 354.75
545.0 374.75
545.0 410.0
545.0 505.5
545.0 545.0
545.0 545.0
545.0 545.0
545.0 545.0
545.0 545.0
545.0 545.0
545.0 545.0
545.0 545.0
545.0 545.0
545.0 545.0
545.0 545.0
545.0 545.0
545.0 545.0
545.0 545.0
545.0 545.0
545.0 545.0
545.0 545.0
545.0 545.0
545.0 545.0
545.0 545.0
545.0 545.0
545.0 545.0
545.0 545.0
545.0 545.0
545.0 545.0
545.0 545.0
545.0 545.0
545.0 545.0
545.0 545.0
545.0 545.0
545.0 545.0
545.0 545.0
545.0 545.0
545.0 545.0
545.0 545.0
545.0 545.0
545.0 545.0
545.0 545.0
