2783 0
2783 196
2783 400
2783 596
2783 800
2783 997
2783 1199
2783 1394
2783 1598
2783 1796
2783 1997
2783 2195
2783 2393
2783 2551
2783 2714
2783 2775
2783 2781
2783 2783
2783 2783
2783 2783
2783 2783
2783 2783
2783 2783
2783 2783
2783 2783
2783 2783
2783 2783
2783 2783
2783 2783
2783 2783
2783 2783
2783 2783
2783 2783
2783 2783
2783 2783
2783 2783
2783 2783
2783 2783
2783 2783
2783 2783
2783 2783
2783 2783
2783 2783
2783 2783
2783 2783
2783 2783
2783 2783
2783 2783
2783 2783
2783 2783
2783 2783
