938.0 778.5
968.0 814.0
820.0 692.0
842.0 691.0
816.0 726.0
850.0 689.5
870.0 796.0
830.0 635.0
941.0 740.0
693.0 622.0
885.0 636.0
759.0 648.0
885.0 761.0
808.0 776.0
850.0 738.0
820.0 619.5
709.0 660.0
747.0 688.5
808.0 664.0
873.0 699.0
802.0 799.0
755.0 681.0
927.0 772.5
813.0 743.0
890.0 716.0
752.0 653.0
801.0 629.0
805.0 635.0
925.0 738.0
801.0 616.5
762.0 491.0
930.0 854.0
936.0 826.0
876.0 876.0
779.0 684.0
863.0 780.0
876.0 826.0
872.0 822.0
835.0 759.0
808.0 696.0
920.0 827.0
746.0 708.0
774.0 598.5
747.0 567.0
812.0 692.0
823.0 763.0
766.0 661.5
712.0 689.0
901.0 746.0
753.0 644.0
844.0 771.0
851.0 800.0
888.0 836.0
780.0 734.0
881.0 708.0
935.0 785.5
923.0 866.0
757.0 512.0
753.0 702.0
717.0 627.0
752.0 693.0
750.0 673.0
838.0 716.0
756.0 705.0
785.0 688.0
855.0 757.0
817.0 740.0
757.0 640.5
794.0 659.0
863.0 793.0
895.0 779.0
769.0 708.0
860.0 716.0
791.0 638.0
909.0 872.5
827.0 693.0
960.0 804.0
891.0 715.0
700.0 578.0
923.0 836.0
834.0 686.0
800.0 595.0
872.0 644.0
913.0 625.5
886.0 760.0
818.0 685.0
820.0 756.0
821.0 821.0
772.0 561.0
972.0 814.0
803.0 702.0
809.0 636.0
816.0 816.0
804.0 738.0
742.0 616.0
767.0 767.0
990.0 768.0
1022.0 855.0
830.0 665.0
783.0 604.5
