787.0 625.0
979.0 760.0
815.0 576.0
788.0 788.0
797.0 629.0
807.0 801.0
977.0 774.0
885.0 664.0
836.0 762.0
842.0 743.0
860.0 645.0
760.0 561.0
965.0 679.0
795.0 648.0
784.0 784.0
758.0 758.0
677.0 677.0
751.0 737.0
882.0 577.0
910.0 910.0
751.0 679.0
777.0 593.0
885.0 651.0
808.0 575.0
859.0 687.0
834.0 834.0
737.0 737.0
813.0 511.0
980.0 535.0
854.0 664.0
766.0 766.0
891.0 718.0
902.0 536.0
956.0 482.0
800.0 684.0
810.0 439.0
804.0 575.0
887.0 658.0
774.0 774.0
719.0 636.0
828.0 543.0
853.0 763.0
774.0 774.0
793.0 668.0
766.0 588.0
754.0 566.0
797.0 797.0
821.0 529.0
751.0 412.0
757.0 603.0
856.0 760.0
803.0 681.0
858.0 745.0
732.0 437.0
918.0 918.0
772.0 426.0
770.0 455.0
841.0 826.0
734.0 734.0
761.0 669.0
776.0 416.0
742.0 655.0
807.0 368.0
681.0 486.0
870.0 653.0
801.0 679.0
811.0 419.0
798.0 798.0
969.0 723.0
806.0 697.0
885.0 880.0
812.0 429.0
913.0 733.0
802.0 701.0
932.0 637.0
884.0 884.0
810.0 497.0
837.0 723.0
805.0 635.0
943.0 774.0
811.0 692.0
758.0 651.0
900.0 783.0
930.0 614.0
824.0 649.0
862.0 587.0
806.0 671.0
796.0 575.0
772.0 684.0
794.0 615.0
774.0 774.0
896.0 630.0
757.0 390.0
869.0 777.0
722.0 534.0
978.0 864.0
854.0 779.0
758.0 758.0
694.0 694.0
766.0 674.0
