591.0 515.5
401.0 395.0
510.0 462.0
476.0 430.0
364.0 364.0
539.0 513.0
433.0 414.0
467.0 465.75
496.0 471.0
425.0 425.0
530.0 473.0
461.0 461.0
493.0 450.0
438.0 438.0
432.0 398.0
535.0 535.0
494.0 452.0
494.0 453.25
449.0 449.0
538.0 520.0
524.0 482.0
532.0 487.0
525.0 514.0
484.0 484.0
613.0 512.0
391.0 391.0
506.0 485.0
521.0 498.0
483.0 483.0
486.0 451.0
446.0 436.0
557.0 494.5
523.0 484.0
621.0 602.0
363.0 343.0
470.0 462.0
407.0 373.0
589.0 575.0
631.0 594.5
487.0 487.0
600.0 584.5
464.0 410.0
433.0 413.0
449.0 449.0
495.0 476.0
396.0 396.0
484.0 464.0
466.0 439.0
567.0 542.0
444.0 421.5
494.0 494.0
549.0 480.0
656.0 627.0
391.0 391.0
394.0 371.0
676.0 645.0
635.0 581.0
357.0 357.0
400.0 356.75
498.0 443.5
412.0 412.0
372.0 337.0
384.0 365.0
412.0 408.0
603.0 577.0
572.0 534.5
563.0 502.0
498.0 491.0
730.0 635.0
619.0 570.0
432.0 403.0
454.0 445.5
484.0 432.0
458.0 415.5
466.0 466.0
602.0 562.0
587.0 555.5
489.0 481.0
394.0 394.0
644.0 634.5
395.0 395.0
575.0 528.0
546.0 493.0
431.0 417.0
703.0 690.0
413.0 387.0
482.0 466.0
426.0 426.0
545.0 505.0
429.0 394.0
526.0 514.0
433.0 433.0
552.0 500.5
531.0 501.0
504.0 490.0
618.0 525.5
634.0 570.0
403.0 403.0
471.0 471.0
456.0 451.0
