357.0 343.0
423.0 400.0
475.0 472.0
403.0 359.0
646.0 645.0
493.0 463.0
545.0 520.0
572.0 529.0
504.0 504.0
458.0 435.0
412.0 412.0
453.0 436.75
433.0 416.0
563.0 520.0
567.0 507.0
493.0 493.0
464.0 443.0
608.0 554.0
572.0 539.0
422.0 378.0
423.0 421.5
519.0 478.0
588.0 546.5
518.0 488.0
588.0 569.0
561.0 561.0
316.0 316.0
463.0 463.0
563.0 541.0
546.0 515.0
454.0 426.0
465.0 462.0
621.0 606.0
391.0 391.0
447.0 441.0
583.0 537.0
698.0 621.5
429.0 404.0
440.0 440.0
450.0 450.0
528.0 429.5
460.0 448.0
587.0 587.0
430.0 402.0
481.0 472.0
534.0 503.0
347.0 347.0
396.0 393.5
542.0 506.0
395.0 371.0
525.0 490.0
540.0 490.75
435.0 405.0
564.0 564.0
623.0 570.0
315.0 314.0
491.0 480.0
521.0 484.0
467.0 399.0
463.0 463.0
577.0 529.0
573.0 506.0
626.0 597.0
529.0 529.0
397.0 393.0
450.0 450.0
604.0 532.0
420.0 396.0
368.0 334.0
423.0 423.0
513.0 498.0
474.0 474.0
593.0 525.0
553.0 518.0
569.0 561.0
447.0 447.0
397.0 385.5
497.0 467.0
509.0 509.0
512.0 484.0
515.0 515.0
504.0 432.0
437.0 407.0
641.0 560.0
485.0 475.0
590.0 573.0
463.0 435.0
476.0 457.5
505.0 465.0
688.0 681.0
425.0 396.0
597.0 566.0
423.0 423.0
538.0 529.0
538.0 482.0
338.0 338.0
491.0 488.0
472.0 432.0
515.0 484.0
471.0 400.0
