28 27
33 32
31 30
30 28
40 39
34 32
36 35
37 34
32 32
28 27
31 31
30 29
32 31
34 32
35 30
29 29
28 26
33 30
41 38
29 25
29 28
32 28
36 32
34 32
35 34
32 32
21 21
35 35
35 34
37 35
28 25
27 26
36 35
26 26
35 33
35 32
42 37
32 31
31 31
26 26
30 26
29 27
33 33
30 28
32 31
35 33
25 25
24 23
34 31
29 28
33 30
35 31
26 24
34 34
36 33
24 23
31 30
34 32
31 25
25 25
34 29
36 33
36 35
31 31
27 26
27 27
34 28
31 30
25 23
24 24
35 34
29 29
38 33
31 28
35 34
30 30
29 28
31 29
33 33
32 31
36 36
28 25
28 27
42 38
31 30
39 38
30 29
33 31
28 26
46 45
30 28
40 37
23 23
34 33
34 31
28 28
35 34
40 37
33 31
30 26
