39 35
31 30
29 27
30 28
22 22
37 35
27 26
29 28
35 34
32 32
33 30
29 29
33 31
33 33
36 34
32 32
31 29
27 25
26 26
36 34
35 33
30 28
33 32
32 32
35 30
28 28
39 37
32 30
32 32
30 28
33 32
40 36
32 30
39 38
25 23
33 32
28 26
37 36
33 31
34 34
38 35
28 26
29 28
34 34
30 28
24 24
34 31
32 31
35 33
28 26
31 31
32 28
37 36
26 26
29 28
43 41
38 36
26 26
25 22
32 29
23 23
28 26
26 25
27 26
38 37
37 35
37 33
32 30
45 40
39 37
28 27
28 27
29 26
30 28
28 28
40 35
39 34
32 31
25 25
35 34
28 28
32 30
39 36
29 27
39 37
25 24
33 32
29 29
36 34
24 21
34 33
31 31
39 36
30 29
30 29
38 31
36 33
28 28
31 31
33 32
