19 14
18 15
17 14
17 14
17 15
19 15
18 16
18 14
18 14
16 14
18 13
16 14
18 16
18 17
19 17
17 11
16 15
16 14
18 14
18 14
17 16
17 15
19 15
18 16
19 15
16 14
17 13
18 13
18 14
18 14
17 11
18 16
19 17
18 18
16 14
19 17
19 18
19 17
18 16
17 15
19 17
16 15
17 13
17 13
17 15
16 15
16 13
16 15
19 16
16 14
18 16
18 17
18 17
17 16
18 14
19 16
19 18
16 10
16 15
16 14
16 15
17 15
17 14
16 15
18 16
17 15
19 17
17 14
19 16
18 16
18 16
16 15
18 15
17 14
18 17
19 16
19 16
18 15
16 14
19 17
17 14
17 13
19 13
19 13
19 16
17 14
17 15
17 17
17 13
19 15
17 15
19 15
17 17
18 16
17 14
18 18
19 15
19 14
17 14
17 12
